(kicad_pcb (version 20171130) (host pcbnew 5.0.0-rc2-dev-unknown-cb2c447~63~ubuntu16.04.1)

  (general
    (thickness 1.6)
    (drawings 0)
    (tracks 0)
    (zones 0)
    (modules 14)
    (nets 8)
  )

  (page A4)
  (layers
    (0 F.Cu signal)
    (31 B.Cu signal)
    (32 B.Adhes user)
    (33 F.Adhes user)
    (34 B.Paste user)
    (35 F.Paste user)
    (36 B.SilkS user)
    (37 F.SilkS user)
    (38 B.Mask user)
    (39 F.Mask user)
    (40 Dwgs.User user)
    (41 Cmts.User user)
    (42 Eco1.User user)
    (43 Eco2.User user)
    (44 Edge.Cuts user)
    (45 Margin user)
    (46 B.CrtYd user)
    (47 F.CrtYd user)
    (48 B.Fab user)
    (49 F.Fab user)
  )

  (setup
    (last_trace_width 0.25)
    (trace_clearance 0.2)
    (zone_clearance 0.508)
    (zone_45_only no)
    (trace_min 0.2)
    (segment_width 0.2)
    (edge_width 0.15)
    (via_size 0.8)
    (via_drill 0.4)
    (via_min_size 0.4)
    (via_min_drill 0.3)
    (uvia_size 0.3)
    (uvia_drill 0.1)
    (uvias_allowed no)
    (uvia_min_size 0.2)
    (uvia_min_drill 0.1)
    (pcb_text_width 0.3)
    (pcb_text_size 1.5 1.5)
    (mod_edge_width 0.15)
    (mod_text_size 1 1)
    (mod_text_width 0.15)
    (pad_size 1.524 1.524)
    (pad_drill 0.762)
    (pad_to_mask_clearance 0.2)
    (aux_axis_origin 0 0)
    (visible_elements FFFFFF7F)
    (pcbplotparams
      (layerselection 0x010fc_ffffffff)
      (usegerberextensions false)
      (usegerberattributes false)
      (usegerberadvancedattributes false)
      (creategerberjobfile false)
      (excludeedgelayer true)
      (linewidth 0.050000)
      (plotframeref false)
      (viasonmask false)
      (mode 1)
      (useauxorigin false)
      (hpglpennumber 1)
      (hpglpenspeed 20)
      (hpglpendiameter 15)
      (psnegative false)
      (psa4output false)
      (plotreference true)
      (plotvalue true)
      (plotinvisibletext false)
      (padsonsilk false)
      (subtractmaskfromsilk false)
      (outputformat 1)
      (mirror false)
      (drillshape 1)
      (scaleselection 1)
      (outputdirectory ""))
  )

  (net 0 "")
  (net 1 /RESET)
  (net 2 GND)
  (net 3 3V3)
  (net 4 "Net-(D1-Pad1)")
  (net 5 "Net-(R6-Pad1)")
  (net 6 "Net-(R10-Pad1)")
  (net 7 5V)

  (net_class Default "This is the default net class."
    (clearance 0.2)
    (trace_width 0.25)
    (via_dia 0.8)
    (via_drill 0.4)
    (uvia_dia 0.3)
    (uvia_drill 0.1)
    (add_net /RESET)
    (add_net 3V3)
    (add_net 5V)
    (add_net GND)
    (add_net "Net-(D1-Pad1)")
    (add_net "Net-(R10-Pad1)")
    (add_net "Net-(R6-Pad1)")
  )

  (module Capacitors_SMD.pretty:C_1206_HandSoldering (layer F.Cu) (tedit 541A9C03) (tstamp 5ACF7F37)
    (at 72.130401 45.231)
    (descr "Capacitor SMD 1206, hand soldering")
    (tags "capacitor 1206")
    (path /5AD16DB5)
    (attr smd)
    (fp_text reference C1 (at 0 -2.3) (layer F.SilkS)
      (effects (font (size 1 1) (thickness 0.15)))
    )
    (fp_text value 1uF (at 0 2.3) (layer F.Fab)
      (effects (font (size 1 1) (thickness 0.15)))
    )
    (fp_line (start -3.3 -1.15) (end 3.3 -1.15) (layer F.CrtYd) (width 0.05))
    (fp_line (start -3.3 1.15) (end 3.3 1.15) (layer F.CrtYd) (width 0.05))
    (fp_line (start -3.3 -1.15) (end -3.3 1.15) (layer F.CrtYd) (width 0.05))
    (fp_line (start 3.3 -1.15) (end 3.3 1.15) (layer F.CrtYd) (width 0.05))
    (fp_line (start 1 -1.025) (end -1 -1.025) (layer F.SilkS) (width 0.15))
    (fp_line (start -1 1.025) (end 1 1.025) (layer F.SilkS) (width 0.15))
    (pad 1 smd rect (at -2 0) (size 2 1.6) (layers F.Cu F.Paste F.Mask)
      (net 1 /RESET))
    (pad 2 smd rect (at 2 0) (size 2 1.6) (layers F.Cu F.Paste F.Mask)
      (net 2 GND))
    (model Capacitors_SMD.3dshapes/C_1206_HandSoldering.wrl
      (at (xyz 0 0 0))
      (scale (xyz 1 1 1))
      (rotate (xyz 0 0 0))
    )
  )

  (module LEDs.pretty:LED-1206 (layer F.Cu) (tedit 55BDE2E8) (tstamp 5ACF7F4D)
    (at 99.380401 44.931)
    (descr "LED 1206 smd package")
    (tags "LED1206 SMD")
    (path /5AD3B7A2)
    (attr smd)
    (fp_text reference D1 (at 0 -2) (layer F.SilkS)
      (effects (font (size 1 1) (thickness 0.15)))
    )
    (fp_text value red (at 0 2) (layer F.Fab)
      (effects (font (size 1 1) (thickness 0.15)))
    )
    (fp_line (start -2.15 1.05) (end 1.45 1.05) (layer F.SilkS) (width 0.15))
    (fp_line (start -2.15 -1.05) (end 1.45 -1.05) (layer F.SilkS) (width 0.15))
    (fp_line (start -0.1 -0.3) (end -0.1 0.3) (layer F.SilkS) (width 0.15))
    (fp_line (start -0.1 0.3) (end -0.4 0) (layer F.SilkS) (width 0.15))
    (fp_line (start -0.4 0) (end -0.2 -0.2) (layer F.SilkS) (width 0.15))
    (fp_line (start -0.2 -0.2) (end -0.2 0.05) (layer F.SilkS) (width 0.15))
    (fp_line (start -0.2 0.05) (end -0.25 0) (layer F.SilkS) (width 0.15))
    (fp_line (start -0.5 -0.5) (end -0.5 0.5) (layer F.SilkS) (width 0.15))
    (fp_line (start 0 0) (end 0.5 0) (layer F.SilkS) (width 0.15))
    (fp_line (start -0.5 0) (end 0 -0.5) (layer F.SilkS) (width 0.15))
    (fp_line (start 0 -0.5) (end 0 0.5) (layer F.SilkS) (width 0.15))
    (fp_line (start 0 0.5) (end -0.5 0) (layer F.SilkS) (width 0.15))
    (fp_line (start 2.5 -1.25) (end -2.5 -1.25) (layer F.CrtYd) (width 0.05))
    (fp_line (start -2.5 -1.25) (end -2.5 1.25) (layer F.CrtYd) (width 0.05))
    (fp_line (start -2.5 1.25) (end 2.5 1.25) (layer F.CrtYd) (width 0.05))
    (fp_line (start 2.5 1.25) (end 2.5 -1.25) (layer F.CrtYd) (width 0.05))
    (pad 2 smd rect (at 1.41986 0 180) (size 1.59766 1.80086) (layers F.Cu F.Paste F.Mask)
      (net 3 3V3))
    (pad 1 smd rect (at -1.41986 0 180) (size 1.59766 1.80086) (layers F.Cu F.Paste F.Mask)
      (net 4 "Net-(D1-Pad1)"))
  )

  (module Resistors_SMD.pretty:R_0805_HandSoldering (layer F.Cu) (tedit 54189DEE) (tstamp 5ACF7F59)
    (at 71.230401 51.681)
    (descr "Resistor SMD 0805, hand soldering")
    (tags "resistor 0805")
    (path /5AD15964)
    (attr smd)
    (fp_text reference R1 (at 0 -2.1) (layer F.SilkS)
      (effects (font (size 1 1) (thickness 0.15)))
    )
    (fp_text value 100k (at 0 2.1) (layer F.Fab)
      (effects (font (size 1 1) (thickness 0.15)))
    )
    (fp_line (start -0.6 -0.875) (end 0.6 -0.875) (layer F.SilkS) (width 0.15))
    (fp_line (start 0.6 0.875) (end -0.6 0.875) (layer F.SilkS) (width 0.15))
    (fp_line (start 2.4 -1) (end 2.4 1) (layer F.CrtYd) (width 0.05))
    (fp_line (start -2.4 -1) (end -2.4 1) (layer F.CrtYd) (width 0.05))
    (fp_line (start -2.4 1) (end 2.4 1) (layer F.CrtYd) (width 0.05))
    (fp_line (start -2.4 -1) (end 2.4 -1) (layer F.CrtYd) (width 0.05))
    (pad 2 smd rect (at 1.35 0) (size 1.5 1.3) (layers F.Cu F.Paste F.Mask)
      (net 3 3V3))
    (pad 1 smd rect (at -1.35 0) (size 1.5 1.3) (layers F.Cu F.Paste F.Mask)
      (net 1 /RESET))
    (model Resistors_SMD.3dshapes/R_0805_HandSoldering.wrl
      (at (xyz 0 0 0))
      (scale (xyz 1 1 1))
      (rotate (xyz 0 0 0))
    )
  )

  (module Resistors_SMD.pretty:R_0805_HandSoldering (layer F.Cu) (tedit 54189DEE) (tstamp 5ACF7F65)
    (at 78.280401 45.031)
    (descr "Resistor SMD 0805, hand soldering")
    (tags "resistor 0805")
    (path /5AD3CC53)
    (attr smd)
    (fp_text reference R2 (at 0 -2.1) (layer F.SilkS)
      (effects (font (size 1 1) (thickness 0.15)))
    )
    (fp_text value 1k (at 0 2.1) (layer F.Fab)
      (effects (font (size 1 1) (thickness 0.15)))
    )
    (fp_line (start -2.4 -1) (end 2.4 -1) (layer F.CrtYd) (width 0.05))
    (fp_line (start -2.4 1) (end 2.4 1) (layer F.CrtYd) (width 0.05))
    (fp_line (start -2.4 -1) (end -2.4 1) (layer F.CrtYd) (width 0.05))
    (fp_line (start 2.4 -1) (end 2.4 1) (layer F.CrtYd) (width 0.05))
    (fp_line (start 0.6 0.875) (end -0.6 0.875) (layer F.SilkS) (width 0.15))
    (fp_line (start -0.6 -0.875) (end 0.6 -0.875) (layer F.SilkS) (width 0.15))
    (pad 1 smd rect (at -1.35 0) (size 1.5 1.3) (layers F.Cu F.Paste F.Mask)
      (net 2 GND))
    (pad 2 smd rect (at 1.35 0) (size 1.5 1.3) (layers F.Cu F.Paste F.Mask)
      (net 4 "Net-(D1-Pad1)"))
    (model Resistors_SMD.3dshapes/R_0805_HandSoldering.wrl
      (at (xyz 0 0 0))
      (scale (xyz 1 1 1))
      (rotate (xyz 0 0 0))
    )
  )

  (module Resistors_SMD.pretty:R_0805_HandSoldering (layer F.Cu) (tedit 54189DEE) (tstamp 5ACF7F71)
    (at 83.530401 45.031)
    (descr "Resistor SMD 0805, hand soldering")
    (tags "resistor 0805")
    (path /5AD0B291)
    (attr smd)
    (fp_text reference R3 (at 0 -2.1) (layer F.SilkS)
      (effects (font (size 1 1) (thickness 0.15)))
    )
    (fp_text value 100k (at 0 2.1) (layer F.Fab)
      (effects (font (size 1 1) (thickness 0.15)))
    )
    (fp_line (start -2.4 -1) (end 2.4 -1) (layer F.CrtYd) (width 0.05))
    (fp_line (start -2.4 1) (end 2.4 1) (layer F.CrtYd) (width 0.05))
    (fp_line (start -2.4 -1) (end -2.4 1) (layer F.CrtYd) (width 0.05))
    (fp_line (start 2.4 -1) (end 2.4 1) (layer F.CrtYd) (width 0.05))
    (fp_line (start 0.6 0.875) (end -0.6 0.875) (layer F.SilkS) (width 0.15))
    (fp_line (start -0.6 -0.875) (end 0.6 -0.875) (layer F.SilkS) (width 0.15))
    (pad 1 smd rect (at -1.35 0) (size 1.5 1.3) (layers F.Cu F.Paste F.Mask))
    (pad 2 smd rect (at 1.35 0) (size 1.5 1.3) (layers F.Cu F.Paste F.Mask))
    (model Resistors_SMD.3dshapes/R_0805_HandSoldering.wrl
      (at (xyz 0 0 0))
      (scale (xyz 1 1 1))
      (rotate (xyz 0 0 0))
    )
  )

  (module Resistors_SMD.pretty:R_0805_HandSoldering (layer F.Cu) (tedit 54189DEE) (tstamp 5ACF7F7D)
    (at 76.480401 51.681)
    (descr "Resistor SMD 0805, hand soldering")
    (tags "resistor 0805")
    (path /5AD026E6)
    (attr smd)
    (fp_text reference R4 (at 0 -2.1) (layer F.SilkS)
      (effects (font (size 1 1) (thickness 0.15)))
    )
    (fp_text value 1k (at 0 2.1) (layer F.Fab)
      (effects (font (size 1 1) (thickness 0.15)))
    )
    (fp_line (start -0.6 -0.875) (end 0.6 -0.875) (layer F.SilkS) (width 0.15))
    (fp_line (start 0.6 0.875) (end -0.6 0.875) (layer F.SilkS) (width 0.15))
    (fp_line (start 2.4 -1) (end 2.4 1) (layer F.CrtYd) (width 0.05))
    (fp_line (start -2.4 -1) (end -2.4 1) (layer F.CrtYd) (width 0.05))
    (fp_line (start -2.4 1) (end 2.4 1) (layer F.CrtYd) (width 0.05))
    (fp_line (start -2.4 -1) (end 2.4 -1) (layer F.CrtYd) (width 0.05))
    (pad 2 smd rect (at 1.35 0) (size 1.5 1.3) (layers F.Cu F.Paste F.Mask))
    (pad 1 smd rect (at -1.35 0) (size 1.5 1.3) (layers F.Cu F.Paste F.Mask))
    (model Resistors_SMD.3dshapes/R_0805_HandSoldering.wrl
      (at (xyz 0 0 0))
      (scale (xyz 1 1 1))
      (rotate (xyz 0 0 0))
    )
  )

  (module Resistors_SMD.pretty:R_0805_HandSoldering (layer F.Cu) (tedit 54189DEE) (tstamp 5ACF7F89)
    (at 81.730401 51.281)
    (descr "Resistor SMD 0805, hand soldering")
    (tags "resistor 0805")
    (path /5AD033F9)
    (attr smd)
    (fp_text reference R5 (at 0 -2.1) (layer F.SilkS)
      (effects (font (size 1 1) (thickness 0.15)))
    )
    (fp_text value 1k (at 0 2.1) (layer F.Fab)
      (effects (font (size 1 1) (thickness 0.15)))
    )
    (fp_line (start -2.4 -1) (end 2.4 -1) (layer F.CrtYd) (width 0.05))
    (fp_line (start -2.4 1) (end 2.4 1) (layer F.CrtYd) (width 0.05))
    (fp_line (start -2.4 -1) (end -2.4 1) (layer F.CrtYd) (width 0.05))
    (fp_line (start 2.4 -1) (end 2.4 1) (layer F.CrtYd) (width 0.05))
    (fp_line (start 0.6 0.875) (end -0.6 0.875) (layer F.SilkS) (width 0.15))
    (fp_line (start -0.6 -0.875) (end 0.6 -0.875) (layer F.SilkS) (width 0.15))
    (pad 1 smd rect (at -1.35 0) (size 1.5 1.3) (layers F.Cu F.Paste F.Mask))
    (pad 2 smd rect (at 1.35 0) (size 1.5 1.3) (layers F.Cu F.Paste F.Mask))
    (model Resistors_SMD.3dshapes/R_0805_HandSoldering.wrl
      (at (xyz 0 0 0))
      (scale (xyz 1 1 1))
      (rotate (xyz 0 0 0))
    )
  )

  (module Resistors_SMD.pretty:R_0805_HandSoldering (layer F.Cu) (tedit 54189DEE) (tstamp 5ACF7F95)
    (at 88.780401 45.031)
    (descr "Resistor SMD 0805, hand soldering")
    (tags "resistor 0805")
    (path /5AD00BD8)
    (attr smd)
    (fp_text reference R6 (at 0 -2.1) (layer F.SilkS)
      (effects (font (size 1 1) (thickness 0.15)))
    )
    (fp_text value 1k (at 0 2.1) (layer F.Fab)
      (effects (font (size 1 1) (thickness 0.15)))
    )
    (fp_line (start -2.4 -1) (end 2.4 -1) (layer F.CrtYd) (width 0.05))
    (fp_line (start -2.4 1) (end 2.4 1) (layer F.CrtYd) (width 0.05))
    (fp_line (start -2.4 -1) (end -2.4 1) (layer F.CrtYd) (width 0.05))
    (fp_line (start 2.4 -1) (end 2.4 1) (layer F.CrtYd) (width 0.05))
    (fp_line (start 0.6 0.875) (end -0.6 0.875) (layer F.SilkS) (width 0.15))
    (fp_line (start -0.6 -0.875) (end 0.6 -0.875) (layer F.SilkS) (width 0.15))
    (pad 1 smd rect (at -1.35 0) (size 1.5 1.3) (layers F.Cu F.Paste F.Mask)
      (net 5 "Net-(R6-Pad1)"))
    (pad 2 smd rect (at 1.35 0) (size 1.5 1.3) (layers F.Cu F.Paste F.Mask))
    (model Resistors_SMD.3dshapes/R_0805_HandSoldering.wrl
      (at (xyz 0 0 0))
      (scale (xyz 1 1 1))
      (rotate (xyz 0 0 0))
    )
  )

  (module Resistors_SMD.pretty:R_0805_HandSoldering (layer F.Cu) (tedit 54189DEE) (tstamp 5ACF7FA1)
    (at 81.730401 57.531)
    (descr "Resistor SMD 0805, hand soldering")
    (tags "resistor 0805")
    (path /5AD00C73)
    (attr smd)
    (fp_text reference R7 (at 0 -2.1) (layer F.SilkS)
      (effects (font (size 1 1) (thickness 0.15)))
    )
    (fp_text value 1k (at 0 2.1) (layer F.Fab)
      (effects (font (size 1 1) (thickness 0.15)))
    )
    (fp_line (start -0.6 -0.875) (end 0.6 -0.875) (layer F.SilkS) (width 0.15))
    (fp_line (start 0.6 0.875) (end -0.6 0.875) (layer F.SilkS) (width 0.15))
    (fp_line (start 2.4 -1) (end 2.4 1) (layer F.CrtYd) (width 0.05))
    (fp_line (start -2.4 -1) (end -2.4 1) (layer F.CrtYd) (width 0.05))
    (fp_line (start -2.4 1) (end 2.4 1) (layer F.CrtYd) (width 0.05))
    (fp_line (start -2.4 -1) (end 2.4 -1) (layer F.CrtYd) (width 0.05))
    (pad 2 smd rect (at 1.35 0) (size 1.5 1.3) (layers F.Cu F.Paste F.Mask))
    (pad 1 smd rect (at -1.35 0) (size 1.5 1.3) (layers F.Cu F.Paste F.Mask)
      (net 6 "Net-(R10-Pad1)"))
    (model Resistors_SMD.3dshapes/R_0805_HandSoldering.wrl
      (at (xyz 0 0 0))
      (scale (xyz 1 1 1))
      (rotate (xyz 0 0 0))
    )
  )

  (module Resistors_SMD.pretty:R_0805_HandSoldering (layer F.Cu) (tedit 54189DEE) (tstamp 5ACF7FAD)
    (at 94.030401 45.031)
    (descr "Resistor SMD 0805, hand soldering")
    (tags "resistor 0805")
    (path /5AD06BF1)
    (attr smd)
    (fp_text reference R8 (at 0 -2.1) (layer F.SilkS)
      (effects (font (size 1 1) (thickness 0.15)))
    )
    (fp_text value 100k (at 0 2.1) (layer F.Fab)
      (effects (font (size 1 1) (thickness 0.15)))
    )
    (fp_line (start -0.6 -0.875) (end 0.6 -0.875) (layer F.SilkS) (width 0.15))
    (fp_line (start 0.6 0.875) (end -0.6 0.875) (layer F.SilkS) (width 0.15))
    (fp_line (start 2.4 -1) (end 2.4 1) (layer F.CrtYd) (width 0.05))
    (fp_line (start -2.4 -1) (end -2.4 1) (layer F.CrtYd) (width 0.05))
    (fp_line (start -2.4 1) (end 2.4 1) (layer F.CrtYd) (width 0.05))
    (fp_line (start -2.4 -1) (end 2.4 -1) (layer F.CrtYd) (width 0.05))
    (pad 2 smd rect (at 1.35 0) (size 1.5 1.3) (layers F.Cu F.Paste F.Mask))
    (pad 1 smd rect (at -1.35 0) (size 1.5 1.3) (layers F.Cu F.Paste F.Mask))
    (model Resistors_SMD.3dshapes/R_0805_HandSoldering.wrl
      (at (xyz 0 0 0))
      (scale (xyz 1 1 1))
      (rotate (xyz 0 0 0))
    )
  )

  (module Resistors_SMD.pretty:R_0805_HandSoldering (layer F.Cu) (tedit 54189DEE) (tstamp 5ACF7FB9)
    (at 86.980401 51.281)
    (descr "Resistor SMD 0805, hand soldering")
    (tags "resistor 0805")
    (path /5AD018B6)
    (attr smd)
    (fp_text reference R9 (at 0 -2.1) (layer F.SilkS)
      (effects (font (size 1 1) (thickness 0.15)))
    )
    (fp_text value 47k (at 0 2.1) (layer F.Fab)
      (effects (font (size 1 1) (thickness 0.15)))
    )
    (fp_line (start -2.4 -1) (end 2.4 -1) (layer F.CrtYd) (width 0.05))
    (fp_line (start -2.4 1) (end 2.4 1) (layer F.CrtYd) (width 0.05))
    (fp_line (start -2.4 -1) (end -2.4 1) (layer F.CrtYd) (width 0.05))
    (fp_line (start 2.4 -1) (end 2.4 1) (layer F.CrtYd) (width 0.05))
    (fp_line (start 0.6 0.875) (end -0.6 0.875) (layer F.SilkS) (width 0.15))
    (fp_line (start -0.6 -0.875) (end 0.6 -0.875) (layer F.SilkS) (width 0.15))
    (pad 1 smd rect (at -1.35 0) (size 1.5 1.3) (layers F.Cu F.Paste F.Mask)
      (net 7 5V))
    (pad 2 smd rect (at 1.35 0) (size 1.5 1.3) (layers F.Cu F.Paste F.Mask)
      (net 5 "Net-(R6-Pad1)"))
    (model Resistors_SMD.3dshapes/R_0805_HandSoldering.wrl
      (at (xyz 0 0 0))
      (scale (xyz 1 1 1))
      (rotate (xyz 0 0 0))
    )
  )

  (module Resistors_SMD.pretty:R_0805_HandSoldering (layer F.Cu) (tedit 54189DEE) (tstamp 5ACF7FC5)
    (at 92.230401 51.281)
    (descr "Resistor SMD 0805, hand soldering")
    (tags "resistor 0805")
    (path /5AD0191E)
    (attr smd)
    (fp_text reference R10 (at 0 -2.1) (layer F.SilkS)
      (effects (font (size 1 1) (thickness 0.15)))
    )
    (fp_text value 47k (at 0 2.1) (layer F.Fab)
      (effects (font (size 1 1) (thickness 0.15)))
    )
    (fp_line (start -0.6 -0.875) (end 0.6 -0.875) (layer F.SilkS) (width 0.15))
    (fp_line (start 0.6 0.875) (end -0.6 0.875) (layer F.SilkS) (width 0.15))
    (fp_line (start 2.4 -1) (end 2.4 1) (layer F.CrtYd) (width 0.05))
    (fp_line (start -2.4 -1) (end -2.4 1) (layer F.CrtYd) (width 0.05))
    (fp_line (start -2.4 1) (end 2.4 1) (layer F.CrtYd) (width 0.05))
    (fp_line (start -2.4 -1) (end 2.4 -1) (layer F.CrtYd) (width 0.05))
    (pad 2 smd rect (at 1.35 0) (size 1.5 1.3) (layers F.Cu F.Paste F.Mask)
      (net 7 5V))
    (pad 1 smd rect (at -1.35 0) (size 1.5 1.3) (layers F.Cu F.Paste F.Mask)
      (net 6 "Net-(R10-Pad1)"))
    (model Resistors_SMD.3dshapes/R_0805_HandSoldering.wrl
      (at (xyz 0 0 0))
      (scale (xyz 1 1 1))
      (rotate (xyz 0 0 0))
    )
  )

  (module Resistors_SMD.pretty:R_0805_HandSoldering (layer F.Cu) (tedit 54189DEE) (tstamp 5ACF7FD1)
    (at 86.980401 57.531)
    (descr "Resistor SMD 0805, hand soldering")
    (tags "resistor 0805")
    (path /5AD0203D)
    (attr smd)
    (fp_text reference R11 (at 0 -2.1) (layer F.SilkS)
      (effects (font (size 1 1) (thickness 0.15)))
    )
    (fp_text value 1k (at 0 2.1) (layer F.Fab)
      (effects (font (size 1 1) (thickness 0.15)))
    )
    (fp_line (start -2.4 -1) (end 2.4 -1) (layer F.CrtYd) (width 0.05))
    (fp_line (start -2.4 1) (end 2.4 1) (layer F.CrtYd) (width 0.05))
    (fp_line (start -2.4 -1) (end -2.4 1) (layer F.CrtYd) (width 0.05))
    (fp_line (start 2.4 -1) (end 2.4 1) (layer F.CrtYd) (width 0.05))
    (fp_line (start 0.6 0.875) (end -0.6 0.875) (layer F.SilkS) (width 0.15))
    (fp_line (start -0.6 -0.875) (end 0.6 -0.875) (layer F.SilkS) (width 0.15))
    (pad 1 smd rect (at -1.35 0) (size 1.5 1.3) (layers F.Cu F.Paste F.Mask))
    (pad 2 smd rect (at 1.35 0) (size 1.5 1.3) (layers F.Cu F.Paste F.Mask))
    (model Resistors_SMD.3dshapes/R_0805_HandSoldering.wrl
      (at (xyz 0 0 0))
      (scale (xyz 1 1 1))
      (rotate (xyz 0 0 0))
    )
  )

  (module modules:SOT-223-REGULATOR (layer F.Cu) (tedit 542D4F10) (tstamp 5ACF8BF6)
    (at 98.4631 55.5371)
    (descr "module CMS SOT223 4 pins")
    (tags "CMS SOT")
    (path /5AD43D6E)
    (attr smd)
    (fp_text reference U2 (at 0 -0.762) (layer F.SilkS)
      (effects (font (size 1.016 1.016) (thickness 0.2032)))
    )
    (fp_text value AP1117-33 (at 0 0.762) (layer F.SilkS)
      (effects (font (size 1.016 1.016) (thickness 0.2032)))
    )
    (fp_line (start -3.556 1.524) (end -3.556 4.572) (layer F.SilkS) (width 0.2032))
    (fp_line (start -3.556 4.572) (end 3.556 4.572) (layer F.SilkS) (width 0.2032))
    (fp_line (start 3.556 4.572) (end 3.556 1.524) (layer F.SilkS) (width 0.2032))
    (fp_line (start -3.556 -1.524) (end -3.556 -2.286) (layer F.SilkS) (width 0.2032))
    (fp_line (start -3.556 -2.286) (end -2.032 -4.572) (layer F.SilkS) (width 0.2032))
    (fp_line (start -2.032 -4.572) (end 2.032 -4.572) (layer F.SilkS) (width 0.2032))
    (fp_line (start 2.032 -4.572) (end 3.556 -2.286) (layer F.SilkS) (width 0.2032))
    (fp_line (start 3.556 -2.286) (end 3.556 -1.524) (layer F.SilkS) (width 0.2032))
    (pad VO smd rect (at 0 -3.302) (size 3.6576 2.032) (layers F.Cu F.Paste F.Mask))
    (pad VO smd rect (at 0 3.302) (size 1.016 2.032) (layers F.Cu F.Paste F.Mask))
    (pad VI smd rect (at 2.286 3.302) (size 1.016 2.032) (layers F.Cu F.Paste F.Mask))
    (pad GND smd rect (at -2.286 3.302) (size 1.016 2.032) (layers F.Cu F.Paste F.Mask))
    (model smd/SOT223.wrl
      (at (xyz 0 0 0))
      (scale (xyz 0.4 0.4 0.4))
      (rotate (xyz 0 0 0))
    )
  )

)
